10359
50292
10243
2200830
397342
12643
28873
2025360
10244
10245
10279
53258
10255
10376
32604
32603
10325
10353
10310
10372
10298
129726
99000
10345
10258
37296
38804
129727
187984
10335
10381
180170
1788433
585088
585087
585098
585068
585094
1788432
585077
585079
585071
585060
585073
585072
10533
130308
28280
28285
10515
585096
585067
585084
585063
585085
585080
585089
585066
585081
10519
459785
1337398
45659
88059
260047
980087
1643649
1094363
1124795
2461378
1091197
1604283
1091198
245072
130310
585095
1101371
880565
651580
556926
10522
1461395
714978
536079
130309
10528
129875
10524
11138
694003
31631
1335626
290028
694009
228330
694014
11120
277944
11137
1965089
186538
3052505
565995
186541
186539
186540
3052224
3052181
3052225
3052223
3052221
2560526
11224
2560321
132484
1972587
3052342
2560525
12730
3052602
3052599
3052600
11216
3052561
1578041
2560580
208895
11250
2560319
159079
208893
11263
11642
162145
3052518
338079
2170197
11099
54315
2748252
3052514
1453408
3052510
44158
3052523
37124
38766
3052525
642022
38767
57482
2170195
11029
12538
11292
57483
59305
2169701
90961
11033
11021
11276
11084
84272
59303
59302
11023
11020
1440170
48543
48542
11039
59301
60877
11024
332097
2083199
11036
1978540
2083198
60875
11082
60876
1972575
1972577
1972574
1972578
1972568
1972576
64320
12542
11089
1972579
11072
64286
64293
11079
64290
11085
64292
11080
11083
11077
11086
44024
64305
64303
164416
64315
44026
172148
59563
11053
11060
64311
11069
64312
11070
64300
11709
64318
64285
64280
1812175
40271
3052230
42182
11723
1704090
749224
45617
356114
1544901
3052236
54290
33745
33746
2575370
11676
11909
1511807
1714619
28332
11757
1897087
318279
11901
11855
11908
11840
1960046
194965
11786
35612
72149
188539
114654
12118
2779847
334210
338327
338326
333769
1982742
10620
120686
1425211
1547495
31552
120381
333767
1330524
333770
171370
10591
333763
37111
202252
150546
10618
1851123
10580
10590
333759
37112
10585
10615
10586
333760
39457
37115
720708
10573
10587
129724
260717
44028
333751
10593
37119
337042
333765
333762
10611
333753
262897
10592
12104
45240
1288116
10595
334203
2848423
673323
37120
1297549
1233383
47000
2259332
333766
290280
337051
31547
37957
79691
333764
1070416
2003652
37121
587348
2003650
99565
51033
122928
587350
10579
479952
10589
1851215
927771
172314
1851220
122929
1507812
427343
10616
336619
2779846
756497
379081
1280920
95340
515180
756496
1851221
12092
990302
556755
696746
1031410
587347
674093
211787
515177
12089
123738
86107
674086
37956
1851127
1003429
138950
515179
991902
334209
743811
333924
515176
12086
1295563
915429
2760813
282345
2487725
518629
318570
582384
37958
318564
1315265
1851125
42787
325446
138948
47512
587351
12071
2650411
1435148
42783
12069
2015550
518628
318567
12072
1961924
42771
33757
765054
42788
318566
10596
47513
47515
12090
42789
1851128
138949
909329
106966
743812
518630
1070414
40280
2200957
587349
47514
1070418
1070415
2760820
310907
2093789
37954
1851216
1070412
1347832
909332
2060138
47501
1449827
1239439
861519
1070411
10617
1165934
2760819
1851218
334204
915426
1682341
1070413
1803956
909328
765055
1513263
2200958
333931
1055684
1961682
10566
1070409
1442164
1851214
1478160
333930
340017
376148
909333
3052370
2853106
2259334
1434988
1513260
2169902
1195796
1851126
31704
3052310
1542134
2200959
1513262
1961683
338323
1434986
1851219
1513258
2060135
3052303
1315260
765051
1851217
1110710
1851124
1315264
1513261
1315261
1315262
2060140
1906355
509628
1961678
1175850
1961783
1851122
185933
1961680
167329
185579
1070420
1175851
1315263
1582094
147714
1315259
147712
147677
2060136
147683
2003649
1420544
1961679
167325
3052317
12131
2259343
147680
2060139
1851213
915428
1545700
40539
147679
1513259
746832
185889
942038
44137
3052314
44130
565537
147681
185912
2259331
147678
147711
31708
195055
44136
533185
3052330
3052329
1647924
185913
185946
185937
185895
1682339
573824
185930
2320739
185904
185939
3052299
185911
185903
3052331
185941
167321
1315266
185931
185922
185909
909331
1906356
185894
185910
185932
185944
147675
185929
185905
2169991
185908
1220265
2032983
2200956
37959
2094116
3052302
185890
1077430
185935
3052328
1219407
147672
40538
1240004
463676
185900
167324
2060137
167326
2045075
147685
147673
185924
2045067
185902
185916
39767
3052307
185898
185936
2045078
185891
1033850
1219380
185923
1219376
185901
1219404
167328
12130
185938
185907
2777147
147674
1219377
1219405
1219381
3052305
1219406
185926
185893
2777131
1219413
185918
3052424
44129
185919
1219419
12135
185915
44131
3052300
185906
2045073
185921
3052409
3052445
3052390
507486
1678145
1418033
3052406
3052402
3052431
3052420
1501396
348011
1219416
318563
167322
42775
181003
2609450
336961
3052391
348008
3052414
3052440
3052401
1678230
3052418
185892
3052444
3052399
3052439
3052407
1933180
273357
3052371
3052413
3052385
2748254
3052404
3052387
3052456
1219378
1764076
611708
3052429
2748253
3052397
3052446
1868658
1678227
12701
38950
44128
273348
37130
35300
1239567
147676
1239565
1678143
35740
1239568
185925
47503
645687
185920
3052789
683174
2003651
1518574
333923
2259728
1980456
3052493
185914
1239572
3052480
93830
185934
3052477
1247113
3052637
2748958
86782
2576944
3052665
688699
3052801
3052811
2734436
3052641
1000649
3052647
1000647
3052684
1048856
3052676
1848960
3051992
1803394
1803390
3051989
3052640
3052660
568715
1247114
683172
11970
689403
3052189
1891726
289365
12480
2734294
1511919
1891767
638313
1891727
1891765
2773471
1891762
1891763
1891728
943908
423446
1303334
72197
2506584
746831
1231709
746830
272636
3051624
1891745
57579
46350
85106
1891754
1511894
10804
82300
1248136
3052686
42782
306588
42773
35294
222889
40059
40053
2017081
35293
2017080
40064
118027
1597962
538123
351073
687340
687355
687358
687365
687347
687354
2853120
1341019
104580
687349
2853118
687364
77763
2749453
687351
687342
687346
687366
68887
28312
687345
687341
3052499
687343
3052474
2853119
2749445
3052498
687367
687357
28875
2065056
687380
687356
2847140
432261
687379
2065054
2065049
2065055
2847138
2847141
621278
2065046
2065047
2065052
2065048
2065053
2065050
2847137
2065051
1172985
2269360
2571088
2571090
2571082
2571089
2714898
2571085
2571084
2571077
2571075
2571091
2571079
2571086
2571073
2057509
2571078
1965018
687375
93678
1535290
687376
687373
687371
687374
2065036
2057931
687369
1535291
2778524
1525173
1859149
2847139
2057933
2170113
687372
687370
289367
2530494
222887
318565
1914415
57667
1820159
318569
2170114
145856
2169935
1595998
2169936
11569
2137161
2496633
1002273
1618189
11318
11520
1163715
10941
2017083
102801
28876
42770
12618
42772
36427
1415628
2853105
114727
1985415
1714621
2004487
1862824
2004962
1516081
289366
1488574
119218
114728
2004961
2583509
248062
2748762
1459003
1673681
1214955
1415627
40052
2017082
2747210
742925
1573584
2038727
3052503
2038725
2038724
2038728
2038723
185943
85708
119210
2038719
133704
185945
1001303
742919
40057
40058
12814
185940
2038720
2169855
44132
325678
1572667
3052121
185899
11827
102796
32608
10607
765052
1069441
352770
114729
215851
11320
157802
329376
106820
333278
2760818
538121
73036
44025
1141754
10943
42774
44135
150904
306586
185927
185917
45101
46018
47511
47506
45999
12073
82639
2777134
1348384
511755
10588
200154
47516
12080
12083
325445
39054
42769
12075
42784
47510
12060
297248
325447
42785
943084
42786
411152
602074
318568
39085
35741
12063
1096763
47508
1906354
46935
74561
12111
2749421
41846
12116
12721
31548
202250
10529
1136260
336960
1070419
1472342
10598
2035045
42778
1418064
167330
1209820
1418035
185580
47504
37955
47505
12078
185928
42779
171720
147684
44133
408681
185896
42776
185897
333752
167327
333771
73034
42567
12067
11153
47509
35295
41856
333772
765056
136966
1384672
1224522
247268
11963
