10261
10497
1076255
10271
129726
129727
1335626
694009
2419667
2816848
1608138
2689355
1955163
3467558
2686042
2972099
3394922
2704634
3061651
1746058
2950731
194540
2593991
318836
2972329
1272946
3397829
2304647
1229186
28344
3433940
1272955
11303
1971396
2951465
2983978
3377089
2079603
1608047
380160
3685803
1272960
2741539
3467557
2950737
864693
2972221
1526514
2079605
3467837
1272949
1608134
2116536
2972327
2977134
3052520
380435
487050
1608089
3052518
318844
1819301
1608049
200402
1620895
318845
1972626
490110
2021721
1272943
1272958
3426274
200404
200401
1955137
2972303
1972612
200403
2972217
932699
932700
2972331
11099
490111
1977074
2713211
864698
2994984
1272942
358764
498356
1619662
3391820
2748252
3052514
1453410
1272959
1453408
3467561
1608083
3383105
2499242
2892543
2825847
2849717
3064181
3052510
2972220
3060506
3459235
3366332
248058
1608094
3467368
1272940
2689335
2079606
1453404
3081666
3248547
2795181
2972218
37124
2980584
2983972
3052511
2737675
1803034
3052529
2972223
2980578
3239343
59304
2304515
2725580
11029
2843859
2811963
1712570
2170061
1272961
2943855
3052534
59305
1479613
2170057
1424280
3467562
2169701
3394921
2996457
11033
3052512
1969830
3416183
2972335
11021
644609
11084
1231903
1803263
1453409
11034
59303
59302
3015532
11023
2972323
644610
11020
1440170
2040592
48543
2679909
48542
2684265
11039
3241517
59301
2072351
3077879
698672
11024
2010277
2079604
2704630
3015530
1756186
2983975
332097
1972683
2951068
2977131
2560016
2601858
11036
3426305
2972321
2083198
60875
60879
1930825
218849
2983974
11082
3396455
60876
1758878
3078403
2849718
1608090
1972684
1569259
3078402
2304485
1620507
936308
318852
3393476
1620896
1569258
1272945
2602438
2904963
1972567
1459044
1272962
2972325
2972326
1272952
2304484
2315722
2848310
3345038
1972568
1428456
64320
3014795
1972569
390845
12542
11089
11072
64286
3043598
3467566
2421440
3401104
1972570
64293
11079
3045052
2959765
1399582
2972340
3467800
2498143
40004
380442
2952040
3467602
64290
2970553
390844
11085
64292
11080
1708574
11083
577122
1972682
2751816
2569609
2972336
478577
2877507
44027
1963247
1708654
1485186
643132
1125677
11077
2606251
1821227
11086
1286143
44024
1972685
2775126
3052466
673515
499854
1821222
318849
64305
1608146
2751814
2861005
164416
1653304
1254420
2877428
64307
985683
1530251
64287
172148
537023
2983976
1919071
11053
1534468
1972687
631267
649187
1302179
11060
64311
2972333
31658
3043611
11069
64308
1456752
1928710
11070
1534467
1969397
2304510
3052631
1048536
40012
2972332
2751815
2972305
2045185
1244565
1445557
1105173
2895618
2950732
3015520
2045186
2305258
2712734
64318
35279
64288
47300
3052465
64310
64296
1805494
2805772
38837
64297
64295
2952018
2950736
3015525
667516
1564120
3377597
1969400
1969399
3433938
3377601
3467559
2972337
2972338
2952021
2994983
1890684
2952019
2651930
3683038
2696479
3451443
1955198
2972288
2980397
2976198
3038384
2972290
3345039
3015527
2972330
1752929
3381433
2651931
2972294
2972222
3052226
2972289
2952024
1916690
2776145
11901
1608085
2952022
3055744
2755159
2902641
3241518
1633878
1608046
2972287
72149
2886224
3451424
2777462
1484573
3451423
2789412
3055745
2972292
3239344
2661635
2699153
2972293
1608147
2980610
2809575
1628184
2686043
2913605
11976
3104761
2583416
2972306
2689369
2740136
2569610
12072
2689367
2789411
1803956
3433935
2027354
3052303
3052241
2609059
2809515
3064058
2689334
3078422
442713
1608059
2952023
195055
3052329
3052328
2972285
2219997
1819303
2583479
45270
442712
348010
3048655
3459227
2849744
35320
2034330
2748206
3459241
552554
2922982
348014
2656737
2748234
348009
1821545
11577
3052445
35305
507486
1678234
11580
2748208
2036703
2748231
35514
35511
35516
35318
192196
35316
3459234
45768
2748196
35513
1678231
3433941
1501396
1819304
35308
3050965
2748238
35313
2036955
2748240
3052427
1819302
45767
2748232
2609058
3416581
3052384
1552846
1819306
2748236
2848037
181003
35515
999729
11575
3052440
1623310
1678230
2748249
1819307
2748244
2303487
3052441
159140
273358
3052444
1590835
2805770
2847820
159150
159141
35307
3431265
3052378
273357
273360
273343
1763623
80942
80937
3052633
2748254
159137
2748250
2748203
273349
3052405
273359
70566
3052456
66264
118655
2748212
1764076
611708
3459247
3451421
159151
1608056
2748237
45269
1552845
2980575
11574
159142
11582
1608043
1526521
1526522
2704635
1406950
1642852
2972300
2980398
1844920
2951466
2972283
3052376
3394926
2036702
2972302
2972291
2755152
1608084
3467851
2079610
2972298
2816850
3401106
3433937
3038386
3055747
2950733
3239341
2847048
3052261
2020880
1216928
3061653
1608040
3052799
3052493
2972299
2755150
2884278
2704636
2972286
3451426
3055746
1608145
3696584
2697642
487098
2977130
3451425
1457166
1531283
2789410
2972295
3451422
2816849
2748958
2972301
1010669
2874031
3393475
2560015
2748235
2972284
3060500
487102
1531287
206378
1569922
1814226
1851087
2983973
1010666
3467808
11591
1933191
2972304
1564099
3052664
11588
3043492
3345144
3707041
1003835
3118734
1763596
1608142
603003
2895616
1219465
2847813
1213620
1213621
2555547
3377005
2851140
2951464
3394924
748192
2201043
3072960
1204160
2744401
3055749
3394925
707546
11788
3377596
2805769
185638
172296
2980629
10784
3348409
46839
3345198
1883111
2715178
2839030
1126383
2304505
2810711
2952020
10788
2689333
2902639
1096141
1864484
3070203
3043486
2030127
1634381
3072959
1217821
2689332
2050976
1969398
2055261
272636
1608077
2304509
2980574
1407072
1126384
2303490
3077377
1955166
306276
1940570
2980601
2109376
2027355
2651939
2951069
2290890
2026603
1133363
62352
2585267
2809312
2014339
2972252
2689356
365047
2980606
3345145
2867438
1933178
2697641
374448
1513199
2755151
2859665
2867436
3467795
3416579
194675
1427476
1914448
40060
2108521
3459225
2026602
2895619
2771463
1408137
2250219
2899249
1820046
1471048
3424593
3459237
2094261
2841875
40056
1170505
3459223
40061
1428763
1170506
3118306
40054
47465
40051
40067
35327
35332
108088
1435294
559180
2599624
77204
108089
40053
2547358
3459236
2498144
1565591
204269
40064
881914
1484571
1597962
1769781
1679172
2985555
40065
2809846
1567404
3416580
3446378
341721
3154165
526523
104580
77763
3459248
246280
1766829
68887
1607696
2982807
3056569
464979
3081665
2980602
2734366
1955168
40062
1230254
2980607
2809007
3058444
10407
3377602
104581
3076944
2980582
1172985
2744402
2739774
3467796
3126522
2972253
3403579
2269360
1489102
2972254
2829081
2951470
3466800
3403577
45029
94967
45032
94966
1954248
687386
2663720
2951471
1807813
2863959
2972258
2025480
2951488
742825
2998222
2951487
2951486
1608131
3377598
2809669
1608129
1618254
2972261
2594109
198421
2744400
2872738
1034771
1890685
2665414
2805754
1034792
1034793
3042448
1963253
3401101
3467807
1608130
2809795
1608128
2951468
2805753
3467571
2025477
2607739
3015522
2892532
2607737
3072949
3239818
3382194
688436
11569
1204161
688437
2992311
2137161
2894005
2486715
3406653
1608132
2952026
3433932
1428581
1428582
1002273
2972255
1618189
53017
1927799
2951475
11318
2972259
2715208
2972257
2972260
2202565
2952028
2847851
1034791
2875329
2654565
3377599
1692255
2951493
2895600
1983771
1565590
2219899
2016461
1034805
2304514
1985374
2025478
2739773
3064049
2951489
2951469
2951492
3132239
3377603
2951490
2951484
2902617
2951474
2951478
2951491
2951485
2980609
1414603
2951480
1868221
2952027
40052
2607738
1844928
2980603
3367773
2951476
1983779
2980576
3154163
2952025
3399804
2304481
2952039
3239318
3064052
3064053
2951483
85708
2951482
2952029
1611039
1955170
1001303
2951477
3239314
2951479
2805771
11827
2972262
3416578
2560014
3046367
3239313
1628186
2713212
2895602
3416584
3076945
3239315
2980605
301964
2980612
2951473
1610817
2951481
3239817
2759331
1610820
2972264
2859666
595217
1977075
3391156
2895608
1642042
2895596
2895591
2895594
2053814
1917976
2661637
3154161
2980586
2980604
2555890
2555893
2895609
2555896
59509
690897
2980613
2895604
2895607
34613
2951472
3108755
2980608
2980618
2980611
11864
177898
177895
3239312
2972263
2800873
1484570
1041933
2895613
349066
311554
2800884
267783
2851139
2789883
2697643
3055751
3077378
2895588
2895587
1562507
3239317
348026
2661633
2851136
2855390
3396564
1034795
544571
2895586
2789884
2491660
12063
2807198
2863960
3154162
31657
33720
178787
543721
500324
3129116
2809670
487097
1046551
1981097
3438446
3467577
3467576
2895592
2895589
2015056
1913640
2734396
2996478
2860949
2015054
3060160
2015057
2860948
1564122
2810278
196403
3052364
2572766
2800880
2663721
2734395
2809440
1564119
2800878
3056570
3056571
3056572
3056573
2713454
1833915
1833928
2661634
28314
562957
201466
201490
2304511
1034803
159138
2015063
2851137
2486204
2914978
2018471
11277
3239316
2217875
35338
2734392
941340
1890418
2650668
2817036
2911995
1034800
2733038
2940812
3051319
1027466
3241300
3077360
2569589
2734394
2960741
2767007
2734393
3078550
2591803
1289939
3701622
908872
908873
1697349
3701623
3701621
1271872
1271873
2259111
